waypoints:
- latitude: 38.161478940642255
  longitude: -122.45462883812777
  yaw: -0.0026690158869497613
- latitude: 38.161478432688156
  longitude: -122.45460889958785
  yaw: -0.15913502872694588
- latitude: 38.1614756941486
  longitude: -122.45458900401871
  yaw: -0.46690647260267376
